girin={
	location=730
	color={
		41 82 45 
	}
	outgoing={
		name="siberia"
		path={
			2109 722 721 1057 1060 1062 1064 
		}
		control={
			4726.000000 1497.000000 4604.000000 1533.000000 4431.000000 1539.000000 4365.000000 1590.000000 
		}
	}
	outgoing={
		name="beijing"
		path={
			2110 726 704 1816 
		}
		control={
			4752.000000 1386.000000 4719.000000 1397.000000 4671.000000 1368.000000 
		}
	}
	outgoing={
		name="nippon"
		path={
			732 1377 1376 
		}
		control={
			4805.000000 1332.000000 4833.000000 1296.000000 4845.000000 1259.000000 
		}
	}
	members={
		1850 1049 2107 2108 2111 2106 2186 1058 2102 2104 1053 2103 1034 1035 1036 1037 1038 1039 1040 1041 1042 1043 1044 1046 1047 1052 1783 2438 2439 2440 2446 2742 2743 2744 1055 1056 1057 730 2110 2188 4201 1033 1048 1050 4214 4216 729 731 2105 4215 4217 722 2109 2187 4202 4203 724 725 4218 727 728 2185 4200 
	}
}
lhasa={
	location=677
	inland=yes
	outgoing={
		name="kashmir"
		path={
			2129 2128 2074 508 
		}
		control={
			4149.000000 1199.000000 4046.000000 1217.000000 4001.000000 1244.000000 
		}
	}
	outgoing={
		name="chengdu"
		path={
			2132 2167 675 679 
		}
		control={
			4286.000000 1196.000000 4365.000000 1197.000000 4427.310059 1151.910034 
		}
	}
	members={
		2129 2128 676 2070 2071 557 554 705 706 2134 4204 565 677 2130 4205 
	}
}
chengdu={
	location=679
	inland=yes
	outgoing={
		name="canton"
		path={
			680 673 2163 2165 665 667 1371 
		}
		control={
			4506.000000 1143.000000 4513.000000 1093.000000 4498.000000 1039.000000 4528.000000 1030.000000 4568.000000 1025.000000 4580.000000 1023.000000 
		}
	}
	outgoing={
		name="xian"
		path={
			2169 689 700 
		}
		control={
			4474.000000 1173.000000 4519.000000 1194.000000 
		}
	}
	outgoing={
		name="ganges_delta"
		path={
			675 2167 2166 583 588 586 1345 1344 1343 
		}
		control={
			4416.000000 1100.000000 4408.000000 1080.000000 4399.000000 1078.000000 4390.000000 1084.000000 4375.000000 1078.000000 4350.000000 1049.000000 4344.000000 1029.000000 4345.000000 986.000000 4332.000000 968.000000 4324.000000 951.000000 4328.000000 915.000000 4294.000000 888.000000 4267.000000 913.000000 4257.000000 954.000000 
		}
	}
	members={
		588 679 2132 2167 678 2135 2131 2133 582 583 660 661 2165 2166 680 2395 2396 2397 2400 679 680 4212 2169 2170 4211 675 2168 2748 4213 
	}
}
canton={
	location=1371
	outgoing={
		name="hangzhou"
		path={
			1372 1824 684 
		}
		control={
			4640.000000 1012.000000 4686.000000 1065.000000 4720.000000 1127.000000 
		}
	}
	members={
		2161 1371 610 613 616 664 665 666 667 668 672 738 1016 1840 2154 2155 2156 2157 2158 2159 2160 2162 2163 2164 2173 2174 2372 671 2373 662 663 673 674 4199 
	}
}
nippon={
	location=1376
	outgoing={
		name="hangzhou"
		path={
			1389 1373 684 
		}
		control={
			4801.000000 1197.000000 4760.000000 1154.000000 
		}
	}
	members={
		1376 1012 1014 1017 1018 1019 1020 1021 1023 1024 1025 1026 1027 1028 1029 1030 1031 1032 1818 1819 1820 1825 1830 1832 1835 1837 1839 1843 1847 1852 4131 4180 4181 4182 4183 4184 4185 4186 4187 4188 4189 4190 4191 4192 4193 1015 
		1845 2744 4232 #pyongan_area
		732 2742 2743 #hamgyeong_area
		733 735 4230 4231 #western_korea_area
		734 736 2694 2745 4227 #eastern_korea_area
		737 1013 2741 4228 4229 #south_korea_area
	}
}
hangzhou={
	location=684
	members={
		669 670 683 684 685 686 1821 1822 1824 1829 1833 1838 1897 2143 2144 2145 2146 2147 2148 2149 2150 2151 2152 2153 2141 2142 4196 
	}
	end=yes
}
xian={
	location=700
	inland=yes
	outgoing={
		name="beijing"
		path={
			1836 692 2137 2140 691 2138 1375 1816 
		}
		control={
			4532.000000 1227.000000 4550.000000 1235.000000 4592.540039 1233.510010 4622.000000 1257.000000 4638.000000 1267.000000 4660.000000 1280.000000 4671.000000 1300.000000 
		}
	}
	outgoing={
		name="hangzhou"
		path={
			686 687 1836 700 
		}
		control={
			4537.000000 1199.000000 4573.000000 1192.000000 4599.000000 1195.000000 4652.000000 1177.000000 4684.000000 1156.000000
		}
	}
	outgoing={
		name="yumen"
		path={
			689 698 706 707 
		}
		control={
			4503.000000 1223.000000 4476.000000 1256.000000 4436.000000 1282.000000 
		}
	}
	members={
		687 1836 2181 2180 698 699 688 692 2183 2175 2176 681 682 2171 2172 4197 689 700 2179 4198 701 709 2191 4223 
	}
}
beijing={
	location=1816
	outgoing={
		name="yumen"
		path={
			695 696 697 701 709 707 
		}
		control={
			4642.000000 1325.000000 4583.000000 1333.000000 4520.000000 1311.000000 4429.000000 1321.000000 
		}
	}
	outgoing={
		name="hangzhou"
		path={
			684 1373 1374 1375 
		}
		control={
			4689.000000 1298.000000 4715.000000 1289.000000 4743.000000 1243.000000 4731.000000 1164.000000 
		}
	}
	members={
		690 691 702 723 2138 2139 2140 2114 2115 2747 703 1816 2136 4194 695 696 2137 4195 704 726 2111 2112 2113 693 694 697 2177 2178 
	}
}
philippines={
	location=1397
	outgoing={
		name="canton"
		path={
			1394 1397 
		}
		control={
			4727.000000 885.000000 4711.000000 876.000000 4704.000000 866.000000 4672.000000 874.000000 4644.000000 947.000000 
		}
	}
	members={
		651 652 653 654 655 656 657 658 1235 1241 1990 1991 1992 1993 1994 1995 1996 2697 2698 2699 2700 2701 2702 1397 
	}
}
gulf_of_siam={
	location=1365
	color={
		84 152 93 
	}
	outgoing={
		name="malacca"
		path={
			1364 1362 1361 
		}
		control={
			4403.000000 767.000000 4431.000000 709.000000 4446.000000 665.000000 
		}
	}
	members={
		592 600 601 602 603 604 605 606 609 607 608 611 612 614 615 1817 1823 1844 1022 2374 2375 2376 2377 2378 2379 2380 2381 2382 2383 2384 2385 2386 2387 2388 2389 591 2404 2371 1365 
		587 589 2401 #Karenni
	}
}
malacca={
	location=1361
	outgoing={
		name="ganges_delta"
		path={
			1348 1347 1345 1344 1343 
		}
		control={
			4329.000000 740.000000 4311.000000 813.000000 4279.000000 878.000000 4242.000000 943.000000 
		}
	}
	outgoing={
		name="canton"
		path={
			1394 1367 1362 1361 
		}
		control={
			4475.000000 665.000000 4459.000000 737.000000 4555.000000 789.000000 4611.000000 901.000000
		}
	}
	members={
		593 594 595 596 597 598 599 617 618 619 620 621 622 623 636 637 638 639 640 659 1361 1998 1999 2390 2391 2392 2393 2394 2673 2674 2675 2676 2677 2678 2679 2680 2681 2682 2683 2684 2685 2686 2703 2704 2705 2706 2707 2708 2709 2710 2711 2712 2740 1101 
	}
}
siberia={
	location=1064
	inland=yes
	outgoing={
		name="kazan"
		path={
			1062 1064 480 479 472 475 1082 
		}
		control={
			4084.209961 1695.109985 3879.000000 1758.000000 3732.000000 1640.000000 3702.000000 1655.000000 3654.000000 1634.000000 
		}
	}
	outgoing={
		name="samarkand"
		path={
			480 478 477 1969 457 454 
		}
		control={
			4161.000000 1597.000000 4058.000000 1443.000000 3976.000000 1372.000000 3892.000000 1348.000000 
		}
	}
	members={
		1782 1781 1071 479 1054 1059 1061 1062 1063 1064 1067 1068 1070 480 1069 1073 1074 1080 1078 1075 1076 2357 2369 2427 2428 2429 2430 2431 2432 2433 2434 2436 2437 2442 2443 2445 1072 1780 1045 2435 1051 2441 2354 716 1065 1066 
		1060
	}
}
yumen={
	location=707
	inland=yes
	outgoing={
		name="samarkand"
		path={
			713 1786 739 1785 452 1967 454 
		}
		control={
			4257.000000 1318.000000 4131.000000 1298.000000 4047.000000 1300.000000 3994.000000 1290.000000 3932.000000 1308.000000 3893.000000 1304.000000 3863.000000 1312.000000 
		}
	}
	members={
		710 1786 707 708 711 714 719 1784 2118 2119 2123 2189 2190 2194 2182 2184 2122 4206 4207 717 721 2116 4219 4220 720 2193 4221 713 715 2120 4208 718 2117 4222 712 2121 2192 
	}
}
kashmir={
	location=508
	color={
		63 150 30 
	}
	inland=yes
	outgoing={
		name="samarkand"
		path={
			578 451 450 453 454 
		}
		control={
			3919.000000 1218.000000 3876.000000 1214.000000 3851.000000 1241.000000 3833.000000 1268.000000 
		}
	}
	outgoing={
		name="doab"
		path={
			2076 507 2065 520 524 
		}
		control={
			3962.000000 1181.000000 3980.000000 1136.000000 4003.000000 1111.000000 
		}
	}
	members={
		448 451 452 507 508 509 510 447 2225 578 1787 1785 2073 2074 2075 2076 2077 2078 2226 2227 2200 506 2065 2079 2086 511 2069 449 2228 450 
	}
}
doab={
	location=524
	color={
		236 162 19 
	}
	inland=yes
	outgoing={
		name="goa"
		path={
			525 740 2057 527 2036 2034 1946 2030 
		}
		control={
			4035.000000 1084.000000 4025.000000 1048.000000 4017.000000 1024.000000 3988.000000 1002.000000 3962.000000 984.000000 3967.000000 953.000000 3973.000000 916.000000 
		}
	}
	outgoing={
		name="ganges_delta"
		path={
			2063 556 2095 558 2044 563 564 1343 
		}
		control={
			4056.000000 1086.000000 4076.000000 1067.000000 4106.000000 1059.000000 4130.000000 1065.000000 4151.000000 1062.000000 4180.000000 1056.000000 4192.000000 1042.000000 4216.000000 1029.000000 4224.000000 1000.000000 
		}
	}
	members={
		551 519 525 2063 558 524 2060 2061 2062 550 559 2094 523 2055 2047 520 556 2097 2095 2044 2059 555 522 2064 2092 2082 
	}
}
ganges_delta={
	location=1343
	outgoing={
		name="comorin_cape"
		path={
			1342 1341 1340 
		}
		control={
			4126.000000 928.000000 4037.000000 783.500000 
		}
	}
	members={
		573 1343 547 549 552 553 560 561 562 563 564 566 567 568 570 571 574 579 580 581 584 585 586 590 1788 1815 1950 2038 2039 2041 2042 2043 2045 2046 2048 2049 2080 2081 2091 2096 2098 2399 2402 2403 543 2040 2084 2398 
	}
}
comorin_cape={
	location=1340
	outgoing={
		name="gulf_of_aden"
		path={
			1615 1451 1331 
		}
		control={
			3866.000000 794.500000 3715.000000 850.000000 
		}
	}
	outgoing={
		name="goa"
		path={
			1339 2030 
		}
		control={
			3947.000000 855.000000 
		}
	}
	members={
		533 534 535 536 537 538 539 540 572 1340 1947 1949 2026 2027 2031 2083 2085 2090 2099 2100 2101 541 2032 1248 
	}
}
goa={
	location=2030
	outgoing={
		name="indus"
		path={
			1338 1337 504 
		}
		control={
			3913.500000 938.000000 3853.500000 1022.000000 
		}
	}
	outgoing={
		name="gulf_of_aden"
		path={
			1339 1615 1451 1331 
		}
		control={
			3914.000000 889.000000 3829.000000 860.000000 3708.000000 883.000000 
		}
	}
	members={
		740 2057 530 531 532 2089 2030 2034 516 517 529 542 2036 526 527 544 545 2029 1946 569 2033 546 548 2035 1948 2028 2050 2037 2093 
	}
}
indus={
	location=504
	color={
		135 104 85 
	}
	outgoing={
		name="gulf_of_aden"
		path={
			1336 1333 1332 1331 
		}
		control={
			3809.000000 1011.000000 3760.000000 967.000000 3677.000000 901.000000 
		}
	}
	outgoing={
		name="hormuz"
		path={
			1336 1334 
		}
		control={
			3799.000000 1035.000000 
		}
	}
	outgoing={
		name="samarkand"
		path={
			576 577 448 451 450 453 454 
		}
		control={
			3871.000000 1071.000000 3911.000000 1146.000000 3922.000000 1211.000000 3876.000000 1214.000000 3851.000000 1241.000000 3833.000000 1268.000000 
		}
	}
	members={
		503 504 505 512 513 514 515 518 521 528 576 577 2051 2052 2053 2054 2056 2058 2066 2067 2068 2072 2087 2088 
	}
}
gulf_of_aden={
	location=1331
	outgoing={
		name="alexandria"
		path={
			1330 1329 1328 361 358 
		}
		control={
			3519.000000 841.000000 3465.000000 874.500000 3370.000000 1051.000000 3329.000000 1110.000000 3317.000000 1130.000000 3304.000000 1146.000000 3284.000000 1143.000000 
		}
	}
	outgoing={
		name="hormuz"
		path={
			1332 1333 1334 
		}
		control={
			3663.000000 915.000000 3763.000000 1013.000000 
		}
	}
	members={
		2324 2775 2782 2783 2786 2788 2789 2790 2793 2794 2795 2024 386 387 388 389 390 391 401 402 1099 1205 1206 1209 1212 1215 1230 2341 2342 2343 2344 2345 2346 2765 2773 2792 2784 1211 2764 2768 2787 1232 1329 1330 1331 1779 
		2768 #Angot
	}
}
hormuz={
	location=1334
	outgoing={
		name="basra"
		path={
			2219 1335 
		}
		control={
			3687.000000 1082.000000 3650.000000 1073.000000 
		}
	}
	members={
		400 403 430 431 399 2218 2219 2223 2231 432 2234 434 435 2220 2233 397 398 404 575 2230 2232 2224 2229 1334 2333 2999 4171 
	}
}
basra={
	location=1335
	outgoing={
		name="aleppo"
		path={
			408 409 406 382 377 
		}
		control={
			3542.000000 1156.000000 3501.000000 1170.000000 3487.000000 1204.000000 3448.000000 1222.000000 3423.000000 1245.000000 
		}
	}
	outgoing={
		name="persia"
		path={
			412 413 428 426 
		}
		control={
			3564.000000 1167.000000 3561.000000 1228.000000 3591.000000 1234.000000 
		}
	}
	members={
		1335 392 393 394 396 408 409 410 412 413 2209 2210 2217 2311 2312 2334 2335 2336 2337 2338 2339 2340 2347 395 2332 
	}
}
samarkand={
	location=454
	inland=yes
	outgoing={
		name="persia"
		path={
			442 441 438 437 427 426 
		}
		control={
			3820.000000 1295.000000 3781.000000 1294.000000 3744.000000 1293.000000 3696.000000 1301.000000 3672.000000 1286.000000 3649.000000 1263.000000 
		}
	}
	outgoing={
		name="astrakhan"
		path={
			442 440 443 470 465 464 
		}
		control={
			3824.000000 1312.000000 3774.000000 1329.000000 3728.000000 1356.000000 3682.000000 1386.000000 3657.000000 1444.000000 3610.000000 1470.000000 
		}
	}
	members={
		440 441 442 444 445 453 454 455 456 457 459 476 477 1967 1969 1970 1973 461 478 2126 2370 2362 2363 2356 2364 2368 2355 2360 2361 2358 2352 2351 2353 2359 458 1968 2125 460 2350 437 438 439 443 2349 739 2124 2127 4209 4210 
	}
}
persia={
	location=426
	color={
		204 119 31 
	}
	inland=yes
	outgoing={
		name="aleppo"
		path={
			1326 421 2202 2205 418 407 377 
		}
		control={
			3581.000000 1304.000000 3568.000000 1326.000000 3536.000000 1309.000000 3507.000000 1304.000000 3463.000000 1307.000000 3445.000000 1263.000000 
		}
	}
	members={
		414 2212 2215 429 433 2222 436 446 2221 2235 2236 427 428 2213 2216 417 426 2214 421 424 425 419 2202 2204 2205 416 2206 2207 411 415 2211 4170 4172 4177 4179 
	}
}
aleppo={
	location=377
	outgoing={
		name="constantinople"
		path={
			1317 1848 322 317 1320 
		}
		control={
			3308.000000 1243.000000 3264.000000 1243.000000 3239.500000 1253.500000 3205.500000 1316.500000 
		}
	}
	outgoing={
		name="alexandria"
		path={
			1316 1315 358 
		}
		control={
			3353.000000 1241.000000 3335.000000 1200.000000 3284.000000 1180.000000 
		}
	}
	members={
		377 378 407 1849 382 1855 406 327 332 418 405 2303 2306 2307 2308 2309 2310 2313 2314 2301 2302 
	}
}
ethiopia={
	location=1224
	inland=yes
	outgoing={
		name="alexandria"
		path={
			1232 2321 361 358 
		}
		control={
			3350.000000 1051.000000 
		}
	}
	members={
		1217 1218 1222 1228 2756 2757 2758 2759 2760 2761 2762 2763 2772 2791 2778 2785 2797 2766 2767 2769 2770 2771 2779 2780 2781 1224 1213 1223 1214 1229 1225 1226 1227 1220 1207 1208 1210 2798 2799 2776 4033 4158 2777 
	}
}
alexandria={
	location=358
	color={
		200 200 102 
	}
	outgoing={
		name="constantinople"
		path={
			362 363 1316 1932 318 317 1320 
		}
		control={
			3272.000000 1172.000000 3275.000000 1197.000000 3266.000000 1216.000000 3236.000000 1243.000000 3203.000000 1286.000000 3203.000000 1315.000000 3216.000000 1325.000000 3227.000000 1333.000000 
		}
	}
	outgoing={
		name="venice"
		path={
			1315 1318 145 1773 144 143 1310 1309 1308 
		}
		control={
			3253.000000 1183.000000 3216.000000 1220.000000 3160.000000 1229.000000 3130.000000 1251.000000 3108.000000 1291.000000 3100.000000 1332.000000 3080.500000 1356.000000 3031.000000 1383.000000 
		}
	}
	outgoing={
		name="genua"
		path={
			357 1314 1313 1306 1302 1303 1298 1297 
		}
		control={
			3239.500000 1153.500000 3180.000000 1204.000000 3093.000000 1203.000000 3017.500000 1244.500000 2977.000000 1288.000000 2967.000000 1347.000000 2935.000000 1348.000000 
		}
	}
	members={
		383 384 385 163 358 359 360 361 362 363 364 365 379 380 1233 1234 1854 1231 2315 2316 2317 2318 2319 2320 2321 2322 2323 2325 2326 2327 2328 2329 2330 2331 381 320 321 1328 
	}
}
astrakhan={
	location=464
	inland=yes
	outgoing={
		name="kazan"
		path={
			466 303 1081 1082 
		}
		control={
			3509.000000 1488.000000 3516.000000 1547.000000 3559.000000 1606.000000 
		}
	}
	outgoing={
		name="crimea"
		path={
			468 287 1323 
		}
		control={
			3486.000000 1439.000000 3417.000000 1425.000000 3342.000000 1405.000000 
		}
	}
	members={
		288 303 465 467 469 470 474 1971 2198 2199 2208 2365 2367 2366 2409 2418 2419 472 471 464 466 468 2416 2417 
		302 304 2415 #tambov_area
	}
}
crimea={
	location=1322
	color={
		59 158 125 
	}
	outgoing={
		name="kiev"
		path={
			284 282 281 280 
		}
		control={
			3307.169922 1429.410034 3297.000000 1470.000000 3290.000000 1506.000000 
		}
	}
	outgoing={
		name="constantinople"
		path={
			1322 1321 1320 
		}
		control={
			3314.000000 1403.000000 3279.000000 1379.500000 
		}
	}
	members={
		1323 1322 462 1856 2196 463 2201 2195 2197 282 1974 2406 286 287 2413 2414 284 285 2410 2447 283 2411 2412 330 331 2305 420 422 423 2203 268 1756 2405 
	}
}
constantinople={
	location=1320
	color={
		126 203 120 
	}
	outgoing={
		name="ragusa"
		path={
			149 1765 1766 138 137 
		}
		control={
			3211.000000 1343.500000 3173.000000 1364.000000 3142.000000 1365.000000 3115.000000 1361.000000 
		}
	}
	members={
		1320 149 151 1764 323 324 1848 325 328 2299 329 1846 2300 2304 316 317 322 326 2296 318 319 2297 2298 2348 150 159 1765 2746 2750 160 161 2998 156 1951 4128 157 158 1952 4127 
	}
}
kiev={
	location=280
	inland=yes
	outgoing={
		name="novgorod"
		path={
			278 292 275 311 310 
		}
		control={
			3260.000000 1570.000000 3296.500000 1603.000000 3290.500000 1651.000000 3300.000000 1680.000000 
		}
	}
	outgoing={
		name="krakow"
		path={
			279 260 262 
		}
		control={
			3221.000000 1531.000000 3171.000000 1539.000000 
		}
	}
	members={
		272 279 281 770 1937 1943 2962 275 277 278 1941 
		291 298 299 2408 #sloboda_ukraine_area
		293 297 4244 4245 #smolensk_area
		296 300 4116 #oka_area
		280 1942 1944 4247 #west_dniepr_area
		289 290 1945 2407 #east_dniepr_area
		292 771 4246 #White Ruthenia
		276 4115 4242 #minsk_area
	}
}
kazan={
	location=1082
	inland=yes
	outgoing={
		name="novgorod"
		path={
			306 307 308 312 310 
		}
		control={
			3474.000000 1641.000000 3427.000000 1649.000000 3396.000000 1686.000000 3370.000000 1720.000000 
		}
	}
	members={ 
		306 1079 1083 1957 #galich_area
		2421 4265 4267 #volga_area
		475 1965 1966 2420 2444 #bashkiria_area
		473 1081 2423 #samara_area
		1082 2422 4264 #kazan_area
		305 1962 1972 4266 #kama_area
	}
}
novgorod={
	location=33
	color={
		97 126 37 
	}
	outgoing={
		name="baltic_sea"
		path={
			34 36 1926 
		}
		control={
			3262.000000 1736.000000 3194.000000 1730.000000 3156.000000 1720.000000 
		}
	}
	members={
		30 32 274 309 1960 4124 4148 33 34 1961 
		310 311 1959 2749 4260 #novgorod_area
		294 1752 4243 4248 4249  #tver_area
		301 1778 4255 #ryazan_area
		295 4251 4252 #moscow_area
		307 4147 4253 #vladimir_area
		308 1753 4117 4250 #yaroslavl_area
		1754 1956 4254 #suzdal_area
		312 4259 4261 #beloozero_area
	}
}
tunis={
	location=341
	color={
		146 134 57 
	}
	outgoing={
		name="sevilla"
		path={
			340 339 1301 1294 1293 
		}
		control={
			2927.000000 1239.000000 2892.000000 1249.000000 2856.000000 1284.500000 2777.000000 1247.500000 
		}
	}
	outgoing={
		name="genua"
		path={
			1302 1300 1297 
		}
		control={
			2941.000000 1280.000000 2914.500000 1317.500000 
		}
	}
	members={
		339 340 341 350 351 352 353 354 355 356 1882 2449 2450 2451 2452 2453 2454 2455 2456 2457 2458 2472 2473 2954 357 
	}
}
ragusa={
	location=137
	outgoing={
		name="wien"
		path={
			139 140 1767 1864 135 134 
		}
		control={
			3098.000000 1388.000000 3100.000000 1407.000000 3092.000000 1428.000000 3086.000000 1456.000000 3067.000000 1468.000000 
		}
	}
	outgoing={
		name="venice"
		path={
			136 1308 
		}
		control={
			3065.000000 1381.000000 
		}
	}
	outgoing={
		name="genua"
		path={
			1310 1311 1307 1304 1303 1298 1297 
		}
		control={
			3101.000000 1349.000000 3096.500000 1299.000000 3055.000000 1269.000000 3041.500000 1303.000000 2984.000000 1338.000000 2950.000000 1390.500000 
		}
	}
	members={
		137 138 139 140 141 142 143 144 145 146 147 1766 1767 1773 1827 1831 1853 3000 3002 3003 3001 4173 4174 4175 4176 152 131 148 1828 164 136 1826 4239
	}
}
safi={
	location=345
	color={
		191 110 62 
	}
	outgoing={
		name="sevilla"
		path={
			342 1293 
		}
		control={
			2655.000000 1168.000000 2667.000000 1183.000000 2698.000000 1198.000000 2709.000000 1228.000000 
		}
	}
	members={
		344 345 346 347 348 1110 2460 2464 2466 2467 2468 2469 2470 2461 2465 336 337 342 343 349 2459 2462 2463 336 337 338 2461 2465 
	}
}
krakow={
	location=262
	inland=yes
	outgoing={
		name="wien"
		path={
			154 1772 134 
		}
		control={
			3110.000000 1518.000000 3098.000000 1506.000000 3083.000000 1495.000000 
		}
	}
	outgoing={
		name="saxony"
		path={
			263 264 1763 
		}
		control={
			3083.000000 1532.000000 3069.000000 1548.000000 3034.000000 1562.000000 
		}
	}
	outgoing={
		name="baltic_sea"
		path={
			258 255 1859 43 1927 1926 
		}
		control={
			3097.000000 1544.000000 3089.000000 1554.000000 3095.000000 1580.000000 3096.000000 1605.000000 3118.000000 1637.000000 
		}
	}
	members={
		258 259 260 261 262 263 264 269 1940 256 257 1938 1939 254 255 2424 2959 2960 2961 2966 
		4238
	}
}
wien={
	location=134
	color={
		220 220 220 
	}
	inland=yes
	outgoing={
		name="venice"
		path={
			132 128 1769 1308 
		}
		control={
			3026.000000 1470.000000 3028.000000 1456.000000 3021.000000 1442.000000 
		}
	}
	outgoing={
		name="rheinland"
		path={
			133 64 1757 67 66 79 1876 
		}
		control={
			3033.000000 1484.000000 3006.000000 1499.000000 2992.000000 1505.000000 2955.000000 1511.000000 2946.000000 1516.000000 
		}
	}
	outgoing={
		name="saxony"
		path={
			1770 267 266 1771 61 59 
		}
		control={
			3031.000000 1503.000000 3030.000000 1518.000000 3027.000000 1534.000000 
		}
	}
	members={
		64 65 76 128 132 133 134 154 1318 1757 1770 1772 1863 2955 2956 2957 162 155 1953 1954 4125 68 69 1868 70 71 1872 73 110 1768 4236
		135 153 1864 4126 4240 #Transdanubia
	}
}
saxony={
	location=59
	inland=yes
	outgoing={
		name="rheinland"
		path={
			62 63 79 81 1876 
		}
		control={
			3002.000000 1539.000000 2970.000000 1542.000000 2956.500000 1530.000000 
		}
	}
	outgoing={
		name="lubeck"
		path={
			58 52 51 46 45 
		}
		control={
			2990.000000 1555.000000 2991.000000 1578.000000 
		}
	}
	members={
		49 50 57 62 63 1758 51 60 61 267 1759 1763 1771 52 58 59 2964 2965 2967 2971 2969 265 266 2968 2970 4237
	}
}
baltic_sea={
	location=1926
	color={
		8 82 165 
	}
	outgoing={
		name="lubeck"
		path={
			1255 1257 45 
		}
		control={
			3089.000000 1696.000000 3072.000000 1648.000000 3044.000000 1636.000000 3015.000000 1620.000000 2984.000000 1605.000000 
		}
	}
	members={
		1926 1 2 3 4 5 1985 8 9 11 18 19 25 27 28 29 31 35 37 38 39 40 271 273 1930 1935 1936 41 42 43 1841 1859 767 2958 2997 4113 4114 4123 4152 4166 270 2963 36 1834 1842 4241
	}
}
rheinland={
	location=1876
	color={
		114 171 184 
	}
	inland=yes
	outgoing={
		name="champagne"
		path={
			83 1760 80 188 187 186 
		}
		control={
			2928.000000 1531.000000 2915.000000 1541.000000 2902.500000 1543.500000 2881.500000 1535.500000 
		}
	}
	outgoing={
		name="lubeck"
		path={
			1762 57 53 1857 45 
		}
		control={
			2954.000000 1549.000000 2966.000000 1562.000000 2962.000000 1579.000000 2972.000000 1591.500000 
		}
	}
	members={
		56 72 74 75 77 78 79 80 81 82 83 84 85 86 1760 1761 1869 1870 1876 1878 1880 2973 2975 166 1873 2972 1762 66 67 
	}
}
white_sea={
	location=1652
	color={
		210 46 28 
	}
	outgoing={
		name="north_sea"
		path={
			1263 1264 1265 1929 1266 1975 
		}
		control={
			3453.000000 1897.000000 3447.000000 1948.000000 3339.000000 1992.000000 3187.000000 2034.000000 3076.000000 1993.000000 2987.000000 1944.000000 2942.000000 1864.000000 2862.000000 1790.000000 2868.000000 1711.000000 2847.000000 1660.000000 
		}
	}
	outgoing={
		name="novgorod"
		path={
			1261 309 1652 
		}
		control={
			3372.500000 1863.000000 
		}
	}
	members={
		1652 315 1777 1963 2425 2426 4151 1077 1755 1963 1964 4129 
		1955 4122 4256 4257 #arkhangelsk_area
		313 1776 1958 4258 #pomor_area
		314 4262 4263 #vologda_area
	}
}
north_sea={
	location=1975
	color={
		117 165 188 
	}
	outgoing={
		name="english_channel"
		path={
			1270 236 
		}
		control={
			2851.000000 1611.000000 
		}
	}
	outgoing={
		name="lubeck"
		path={
			1266 1267 1259 1258 45 
		}
		control={
			2882.000000 1665.000000 2955.000000 1690.500000 2983.000000 1670.000000 2979.000000 1645.000000 2974.000000 1637.000000 2979.000000 1627.000000 2976.000000 1618.000000 2974.000000 1612.000000 2981.000000 1606.000000 
		}
	}
	members={
		1975 10 20 21 23 24 248 249 250 251 252 253 369 370 371 1978 1979 2752 246 247 372 373 374 375 376 244 245 4110 4118 4119 4120 4121 4145 1266 1280 1281 1282 1929 4153 4146 
	}
}
lubeck={
	location=45
	color={
		190 70 70 
	}
	outgoing={
		name="english_channel"
		path={
			1857 44 1268 1269 1744 
		}
		control={
			2966.000000 1599.000000 2957.000000 1596.000000 2915.000000 1602.000000 2868.000000 1576.000000 
		}
	}
	members={
		6 12 13 14 15 16 17 22 26 44 45 46 47 48 53 54 55 1775 1857 1874 1858 1981 1982 1983 1984 7 2993 2994 2995 2996 4141 4142 4143 4144 4149 4163 4164 4165 
	}
}
bordeaux={
	location=1276
	color={
		36 132 247 
	}
	outgoing={
		name="champagne"
		path={
			1275 172 178 184 185 
		}
		control={
			2756.000000 1449.500000 2785.000000 1452.000000 2805.000000 1459.000000 2832.000000 1470.000000 
		}
	}
	members={
		1276 170 171 172 173 174 175 176 180 194 209 210 169 190 195 198 199 4111 4112 
	}
}
sevilla={
	location=1293
	color={
		57 160 101 
	}
	outgoing={
		name="genua"
		path={
			223 222 221 1295 1296 1297 
		}
		control={
			2744.000000 1250.500000 2780.000000 1259.500000 2809.000000 1285.000000 2823.500000 1326.000000 2893.000000 1353.500000 
		}
	}
	members={
		206 207 208 1746 215 216 231 232 1293 217 218 219 221 222 223 224 225 226 227 228 229 230 334 335 1745 1747 1748 1749 1751 1851 2754 2755 2989 2751 4150 
	}
}
champagne={
	location=186
	color={
		193 26 14 
	}
	inland=yes
	outgoing={
		name="genua"
		path={
			187 193 203 204 201 1297 
		}
		control={
			2891.000000 1487.000000 2893.000000 1450.000000 2878.000000 1435.000000 2882.000000 1409.500000 2880.500000 1385.500000 
		}
	}
	outgoing={
		name="english_channel"
		path={
			181 1866 92 1744 1269 
		}
		control={
			2862.000000 1510.000000 2858.000000 1532.000000 2865.000000 1540.000000 2871.000000 1550.000000 
		}
	}
	members={
		183 185 186 177 178 179 184 187 188 189 165 1867 1871 91 181 1866 93 94 1742 2974 191 192 193 1877 
	}
}
genua={
	location=1297
	color={
		218 215 56 
	}
	members={
		1297 124 125 126 2982 115 116 117 2978 2980 118 121 2983 123 1934 2984 101 102 2992 103 1875 2979 2981 127 1247 2986 201 202 2991 203 204 205 196 200 2753 197 212 213 2987 220 333 1750 2988 211 214 2990 
	}
	end=yes
}
venice={
	location=1308
	color={
		54 167 156 
	}
	members={
		1308 129 130 1769 108 111 112 1774 105 106 113 114 119 120 2976 2977 122 1933 2985 104 107 109 1862 
	}
	end=yes
}
english_channel={
	location=1269
	color={
		220 138 57 
	}
	members={
		1269 167 168 1879 99 100 1931 96 97 98 92 95 1744 87 90 1865 88 89 182 1743 233 234 235 4130 236 238 1860 237 239 243 1861 240 241 242 1269 1270 1271 
	}
	end=yes
}
